18 0.397059 0.698529 0.042484 0.220588
18 0.441993 0.693627 0.047386 0.240196
18 0.492647 0.672794 0.047386 0.227941
18 0.525327 0.666667 0.040850 0.186275
18 0.558824 0.678922 0.032680 0.151961
18 0.636438 0.677696 0.017974 0.090686
18 0.590686 0.698529 0.034314 0.093137
18 0.370915 0.761029 0.068627 0.164216
18 0.344771 0.688725 0.049020 0.215686
18 0.312908 0.676471 0.044118 0.191176
18 0.270425 0.649510 0.044118 0.191176
18 0.216503 0.620098 0.037582 0.142157
18 0.182190 0.607843 0.037582 0.142157
18 0.168301 0.600490 0.029412 0.132353
18 0.154412 0.589461 0.024510 0.134804
18 0.659314 0.419118 0.031046 0.269608
18 0.627451 0.384804 0.039216 0.348039
18 0.593954 0.495098 0.037582 0.161765
