10 0.309859 0.397656 0.098592 0.126562
10 0.247653 0.591406 0.096244 0.117188
10 0.785211 0.618750 0.082160 0.131250
10 0.498826 0.666406 0.068075 0.142187
10 0.882629 0.504687 0.079812 0.106250
10 0.602113 0.546875 0.039906 0.068750
10 0.742958 0.525000 0.044601 0.075000
10 0.875587 0.814063 0.248826 0.215625
10 0.930751 0.746094 0.138498 0.098437
10 0.273474 0.733594 0.068075 0.126562
10 0.163146 0.750000 0.053991 0.131250
10 0.045775 0.760938 0.068075 0.137500
10 0.305164 0.925781 0.075117 0.148438
10 0.146714 0.942187 0.077465 0.115625
10 0.438967 0.922656 0.107981 0.154688
10 0.511737 0.915625 0.131455 0.168750
10 0.598592 0.918750 0.154930 0.162500
