10 0.198357 0.164062 0.124413 0.146875
10 0.388498 0.165625 0.176056 0.137500
10 0.428404 0.364844 0.096244 0.257812
10 0.524648 0.271875 0.124413 0.200000
10 0.610329 0.222656 0.107981 0.229687
10 0.781690 0.310156 0.117371 0.298438
10 0.636150 0.867188 0.103286 0.225000
10 0.897887 0.900781 0.110329 0.164062
10 0.416667 0.897656 0.110329 0.164062
10 0.144366 0.902344 0.110329 0.164062
10 0.144366 0.650781 0.100939 0.104688
10 0.313380 0.660937 0.086854 0.071875
10 0.461268 0.664062 0.082160 0.078125
10 0.640845 0.666406 0.070423 0.079687
10 0.960094 0.637500 0.079812 0.078125
