26 0.881250 0.823113 0.125000 0.316038
26 0.628125 0.629717 0.090625 0.212264
26 0.722656 0.702830 0.104688 0.250000
26 0.574219 0.590802 0.085938 0.186321
26 0.516406 0.549528 0.073438 0.165094
26 0.474219 0.495283 0.076563 0.160377
26 0.432812 0.477594 0.065625 0.143868
26 0.405469 0.450472 0.057813 0.122642
26 0.507031 0.862028 0.060937 0.120283
26 0.571094 0.935142 0.060937 0.120283
26 0.453906 0.770047 0.070312 0.125000
26 0.421094 0.727594 0.060937 0.110849
26 0.389844 0.685142 0.057813 0.101415
26 0.366406 0.659198 0.057813 0.101415
26 0.344531 0.627358 0.048438 0.089623
26 0.323437 0.597877 0.046875 0.077830
26 0.306250 0.551887 0.046875 0.075472
26 0.288281 0.535377 0.045312 0.061321
26 0.397656 0.918632 0.070312 0.125000
26 0.364844 0.854953 0.070312 0.125000
