11 0.641406 0.084375 0.201563 0.168750
11 0.926562 0.367969 0.106250 0.179688
11 0.229687 0.650000 0.162500 0.240625
11 0.291406 0.076563 0.179688 0.153125
11 0.067969 0.653125 0.135937 0.137500
11 0.721094 0.367969 0.210938 0.176563
11 0.764844 0.188281 0.092188 0.129688
11 0.062500 0.850781 0.125000 0.117188
11 0.467187 0.049219 0.118750 0.098437
11 0.307812 0.464844 0.181250 0.157812
11 0.832812 0.655469 0.200000 0.098437
11 0.885156 0.100000 0.214062 0.200000
11 0.814844 0.886719 0.082812 0.179688
11 0.110156 0.098437 0.145313 0.143750
11 0.942187 0.885938 0.112500 0.125000
11 0.110156 0.510156 0.085938 0.104688
11 0.595313 0.444531 0.125000 0.110937
11 0.619531 0.579688 0.132812 0.100000
11 0.432812 0.242188 0.471875 0.243750
11 0.052344 0.196094 0.104688 0.114062
11 0.450000 0.671094 0.246875 0.285938
11 0.450000 0.478125 0.084375 0.165625
11 0.499219 0.500000 0.998437 1.000000
11 0.166406 0.284375 0.082812 0.090625
11 0.620313 0.691406 0.109375 0.085938
11 0.205469 0.870313 0.070312 0.096875
11 0.974219 0.703906 0.051562 0.164062