12 0.561719 0.752232 0.135937 0.254464
12 0.370312 0.844866 0.184375 0.194196
12 0.475000 0.687500 0.118750 0.174107
12 0.242969 0.654018 0.148438 0.236607
12 0.339844 0.325893 0.135937 0.156250
12 0.534375 0.438616 0.178125 0.189732
12 0.719531 0.600446 0.117188 0.187500
12 0.739062 0.291295 0.196875 0.247768
12 0.102344 0.896205 0.176563 0.207589
12 0.059375 0.716518 0.115625 0.125000
12 0.141406 0.482143 0.107813 0.156250
12 0.775000 0.143973 0.165625 0.145089
12 0.922656 0.698661 0.154688 0.200893
