12 0.505469 0.220141 0.135937 0.238876
12 0.190625 0.487119 0.187500 0.229508
12 0.265625 0.764637 0.096875 0.124122
12 0.192188 0.710773 0.125000 0.128806
12 0.312500 0.868852 0.159375 0.173302
12 0.485156 0.673302 0.142187 0.199063
12 0.542188 0.531616 0.134375 0.145199
12 0.327344 0.516393 0.123438 0.119438
12 0.364063 0.441452 0.090625 0.138173
12 0.104688 0.211944 0.165625 0.199063
12 0.863281 0.823185 0.117188 0.133489
12 0.165625 0.954333 0.115625 0.091335
12 0.068750 0.921546 0.134375 0.156909
12 0.652344 0.435597 0.107813 0.196721
12 0.668750 0.601874 0.112500 0.168618
12 0.764062 0.228337 0.125000 0.161593
12 0.232813 0.204918 0.121875 0.124122
12 0.322656 0.243560 0.173437 0.187354
12 0.877344 0.727166 0.089063 0.124122
12 0.767188 0.728337 0.140625 0.140515
12 0.816406 0.326698 0.167187 0.142857
12 0.597656 0.121780 0.101562 0.112412
12 0.934375 0.555035 0.068750 0.098361
12 0.962500 0.823185 0.075000 0.180328
12 0.757031 0.908665 0.126562 0.182670
12 0.614844 0.887588 0.157812 0.210773
12 0.901563 0.948478 0.112500 0.103044
