13 0.581262 0.412500 0.095602 0.068750
13 0.659656 0.573438 0.126195 0.096875
13 0.768642 0.457031 0.068834 0.079687
13 0.653920 0.481250 0.087954 0.090625
13 0.717017 0.650781 0.118547 0.076563
13 0.809751 0.669531 0.112811 0.073438
13 0.635755 0.721875 0.070746 0.068750
13 0.626195 0.661719 0.078394 0.051562
13 0.552581 0.540625 0.099426 0.071875
13 0.569790 0.475781 0.072658 0.057813
13 0.532505 0.632031 0.074570 0.048438
13 0.807839 0.539062 0.059273 0.043750
13 0.773423 0.593750 0.066922 0.046875
15 0.138623 0.740625 0.216061 0.193750
15 0.253346 0.801562 0.177820 0.240625
15 0.318356 0.694531 0.158700 0.223438
12 0.173040 0.423438 0.342256 0.306250
12 0.173996 0.226562 0.344168 0.312500
