14 0.496094 0.594444 0.089063 0.133333
14 0.424219 0.230556 0.095312 0.161111
14 0.482031 0.343056 0.098437 0.152778
14 0.245312 0.797222 0.093750 0.194444
14 0.102344 0.638889 0.089063 0.183333
14 0.107813 0.343056 0.093750 0.175000
14 0.139844 0.186111 0.092188 0.188889
14 0.592187 0.334722 0.109375 0.197222
14 0.622656 0.551389 0.107813 0.213889
14 0.799219 0.620833 0.101562 0.186111
14 0.657813 0.822222 0.093750 0.227778
14 0.891406 0.819444 0.085938 0.177778
14 0.928906 0.590278 0.098437 0.225000
14 0.862500 0.293056 0.100000 0.191667
14 0.668750 0.144444 0.131250 0.222222
14 0.075781 0.893056 0.120313 0.213889
14 0.427344 0.801389 0.123438 0.213889
14 0.201563 0.080556 0.109375 0.122222
14 0.251563 0.233333 0.084375 0.183333
14 0.752344 0.206944 0.104688 0.180556
14 0.695312 0.493056 0.090625 0.180556
14 0.770312 0.820833 0.096875 0.141667
14 0.232031 0.638889 0.082812 0.133333
14 0.140625 0.490278 0.065625 0.130556
14 0.039062 0.513889 0.075000 0.216667
