12 0.260937 0.652235 0.165625 0.276536
12 0.271875 0.322626 0.165625 0.282123
12 0.503906 0.494413 0.185938 0.312849
12 0.747656 0.318436 0.123438 0.229050
12 0.501563 0.164804 0.159375 0.268156
12 0.042188 0.476257 0.081250 0.192737
12 0.043750 0.810056 0.084375 0.201117
12 0.059375 0.171788 0.115625 0.298883
12 0.264844 0.923184 0.114062 0.153631
12 0.506250 0.803073 0.118750 0.226257
12 0.746875 0.653631 0.153125 0.279330
12 0.756250 0.075419 0.153125 0.145251
12 0.953125 0.174581 0.093750 0.282123
12 0.947656 0.494413 0.104688 0.284916
