12 0.387500 0.438281 0.252778 0.142187
12 0.587500 0.382812 0.202778 0.137500
12 0.180556 0.288281 0.250000 0.104688
12 0.061111 0.460938 0.116667 0.084375
12 0.083333 0.644531 0.161111 0.126562
12 0.269444 0.560937 0.172222 0.096875
12 0.477778 0.569531 0.222222 0.132812
12 0.340278 0.744531 0.258333 0.110937
12 0.381944 0.815625 0.186111 0.109375
12 0.131944 0.886719 0.202778 0.123438
12 0.719444 0.650781 0.200000 0.164062
12 0.690278 0.546094 0.202778 0.092188
12 0.898611 0.439063 0.202778 0.106250
12 0.762500 0.334375 0.175000 0.096875
12 0.373611 0.357812 0.169444 0.096875
12 0.684722 0.857812 0.241667 0.134375
12 0.398611 0.918750 0.230556 0.121875
12 0.909722 0.711719 0.180556 0.135937
12 0.925000 0.547656 0.150000 0.132812
