12 0.456573 0.657031 0.227700 0.135937
12 0.468310 0.329688 0.152582 0.090625
12 0.320423 0.550781 0.110329 0.098437
12 0.372066 0.426563 0.119718 0.100000
13 0.649061 0.102344 0.105634 0.107813
13 0.677230 0.160938 0.091549 0.059375
13 0.753521 0.182031 0.079812 0.067187
13 0.834507 0.153906 0.110329 0.082812
13 0.907277 0.125781 0.077465 0.057813
13 0.766432 0.083594 0.171362 0.085938
13 0.705399 0.046875 0.072770 0.084375
13 0.457746 0.044531 0.107981 0.082812
13 0.559859 0.051562 0.105634 0.090625
13 0.901408 0.057031 0.183099 0.110937
