12 0.364063 0.908750 0.134375 0.182500
12 0.378906 0.763750 0.170313 0.152500
12 0.496094 0.715000 0.110937 0.155000
12 0.478906 0.583750 0.104688 0.132500
12 0.301563 0.621250 0.128125 0.177500
12 0.307031 0.492500 0.117188 0.160000
12 0.589063 0.473750 0.125000 0.167500
12 0.290625 0.380000 0.115625 0.155000
12 0.721875 0.287500 0.140625 0.190000
12 0.754687 0.395000 0.143750 0.185000
12 0.381250 0.280000 0.087500 0.135000
12 0.508594 0.096250 0.110937 0.157500
12 0.778125 0.645000 0.118750 0.170000
12 0.625781 0.786250 0.076563 0.107500
