9 0.821818 0.748634 0.080000 0.142077
9 0.154545 0.606557 0.076364 0.120219
9 0.785455 0.587432 0.072727 0.092896
9 0.587273 0.890710 0.105455 0.087432
9 0.458182 0.718579 0.130909 0.081967
9 0.500000 0.773224 0.098182 0.103825
9 0.298182 0.639344 0.101818 0.065574
9 0.307273 0.587432 0.120000 0.081967
9 0.863636 0.513661 0.083636 0.109290
9 0.243636 0.803279 0.065455 0.131148
9 0.281818 0.710383 0.090909 0.076503
9 0.121818 0.535519 0.112727 0.076503
9 0.705455 0.521858 0.065455 0.092896
9 0.378182 0.762295 0.080000 0.103825
9 0.167273 0.765027 0.101818 0.098361
9 0.747273 0.502732 0.105455 0.098361
9 0.450909 0.467213 0.094545 0.180328
