9 0.415000 0.354167 0.156667 0.255952
9 0.578333 0.354167 0.156667 0.255952
9 0.741667 0.354167 0.156667 0.255952
9 0.905000 0.366071 0.156667 0.255952
9 0.901667 0.639881 0.163333 0.244048
9 0.741667 0.633929 0.143333 0.255952
9 0.578333 0.633929 0.143333 0.255952
9 0.421667 0.639881 0.156667 0.279762
9 0.251667 0.639881 0.156667 0.279762
9 0.251667 0.366071 0.156667 0.279762
9 0.090000 0.348214 0.153333 0.267857
9 0.083333 0.639881 0.153333 0.267857
9 0.083333 0.898810 0.146667 0.202381
9 0.250000 0.892857 0.146667 0.202381
9 0.416667 0.898810 0.146667 0.202381
9 0.583333 0.898810 0.146667 0.202381
9 0.740000 0.898810 0.146667 0.202381
9 0.913333 0.898810 0.146667 0.202381
9 0.906667 0.095238 0.153333 0.178571
9 0.740000 0.095238 0.153333 0.178571
9 0.580000 0.095238 0.153333 0.178571
9 0.418333 0.098214 0.156667 0.184524
9 0.251667 0.098214 0.156667 0.184524
9 0.088333 0.098214 0.156667 0.184524
