9 0.208796 0.503241 0.043519 0.091667
9 0.093519 0.495370 0.040741 0.092593
9 0.325926 0.511111 0.038889 0.088889
9 0.102315 0.373148 0.039815 0.070370
9 0.840278 0.504630 0.073148 0.068519
9 0.895833 0.566667 0.075000 0.068519
9 0.956481 0.630556 0.074074 0.070370
9 0.556944 0.169907 0.123148 0.112037
9 0.487037 0.523148 0.125926 0.114815
9 0.622222 0.631019 0.122222 0.112037
9 0.690278 0.275000 0.123148 0.109259
9 0.355556 0.415278 0.124074 0.112037
9 0.407407 0.354167 0.122222 0.106481
9 0.506944 0.232870 0.121296 0.110185
9 0.640278 0.338426 0.119444 0.110185
9 0.537963 0.458333 0.120370 0.107407
9 0.456944 0.293519 0.119444 0.109259
9 0.219444 0.382407 0.037037 0.064815
9 0.588426 0.396296 0.117593 0.105556
9 0.063426 0.195370 0.089815 0.118519
9 0.673611 0.567130 0.123148 0.112037
9 0.380556 0.906019 0.392593 0.184259
9 0.930556 0.909259 0.138889 0.181481
9 0.852778 0.095833 0.294444 0.189815
