9 0.498208 0.497238 0.996416 0.994475
9 0.591398 0.204420 0.107527 0.243094
9 0.448029 0.345304 0.121864 0.237569
9 0.485663 0.690608 0.118280 0.198895
9 0.302867 0.533149 0.118280 0.237569
9 0.143369 0.372928 0.121864 0.204420
9 0.718638 0.099448 0.118280 0.198895
9 0.286738 0.251381 0.114695 0.149171
9 0.698925 0.646409 0.100358 0.154696
9 0.955197 0.204420 0.082437 0.243094
9 0.750896 0.892265 0.096774 0.204420
9 0.096774 0.127072 0.100358 0.154696
9 0.057348 0.848066 0.114695 0.171271
9 0.301075 0.870166 0.121864 0.237569
9 0.245520 0.066298 0.111111 0.132597
9 0.774194 0.367403 0.114695 0.138122