9 0.099375 0.677551 0.101250 0.142857
9 0.242500 0.590816 0.122500 0.100000
9 0.795000 0.717347 0.110000 0.148980
9 0.451250 0.581633 0.805000 0.579592
9 0.572500 0.817347 0.142500 0.100000
9 0.288750 0.692857 0.125000 0.128571
9 0.150000 0.551020 0.100000 0.114286
9 0.321250 0.346939 0.110000 0.097959
9 0.708750 0.822449 0.072500 0.077551
9 0.264375 0.511224 0.058750 0.059184
9 0.711875 0.616327 0.098750 0.106122
9 0.421875 0.343878 0.116250 0.091837
9 0.812500 0.511224 0.050000 0.128571
9 0.379375 0.754082 0.068750 0.075510
9 0.385000 0.630612 0.087500 0.138776
9 0.370625 0.472449 0.131250 0.091837