9 0.457738 0.448000 0.207143 0.232000
9 0.339286 0.871333 0.042857 0.078667
9 0.453869 0.736000 0.039881 0.077333
9 0.505952 0.826667 0.032143 0.077333
9 0.316964 0.695333 0.033929 0.081333
9 0.395833 0.731333 0.040476 0.076000
9 0.894048 0.658000 0.061905 0.124000
9 0.391667 0.854000 0.038095 0.084000
9 0.422619 0.945333 0.038095 0.088000
9 0.863095 0.842000 0.061905 0.108000
9 0.113095 0.861333 0.225000 0.277333
9 0.793155 0.552667 0.093452 0.132000
9 0.858333 0.227333 0.258333 0.358667
9 0.917560 0.898000 0.063690 0.102667
9 0.808929 0.778667 0.061905 0.096000
9 0.946429 0.712667 0.060714 0.126667
9 0.884226 0.794667 0.229167 0.402667
9 0.077679 0.167333 0.154167 0.217333
9 0.588690 0.092667 0.228571 0.182667
9 0.697024 0.418000 0.126190 0.182667
