9 0.441667 0.413690 0.336667 0.315476
9 0.705000 0.654762 0.270000 0.452381
9 0.463333 0.761905 0.266667 0.464286
9 0.210000 0.752976 0.206667 0.482143
9 0.825000 0.333333 0.330000 0.226190
9 0.583333 0.122024 0.286667 0.244048
9 0.050000 0.860119 0.100000 0.267857
9 0.120000 0.247024 0.240000 0.375000
9 0.916667 0.675595 0.160000 0.255952
9 0.350000 0.119048 0.146667 0.238095
9 0.830000 0.913690 0.253333 0.160714
9 0.911667 0.095238 0.170000 0.190476
9 0.066667 0.517857 0.133333 0.250000
9 0.171667 0.098214 0.170000 0.196429