9 0.839453 0.624306 0.114844 0.198611
9 0.762891 0.445833 0.103906 0.219444
9 0.623828 0.482639 0.099219 0.198611
9 0.898047 0.408333 0.094531 0.211111
9 0.407422 0.884028 0.103906 0.104167
9 0.962109 0.586111 0.072656 0.222222
9 0.478516 0.531250 0.058594 0.156944
9 0.696094 0.622222 0.090625 0.125000
9 0.197266 0.858333 0.102344 0.097222
9 0.115625 0.733333 0.100000 0.077778
9 0.288281 0.811111 0.100000 0.122222
9 0.387109 0.812500 0.099219 0.091667
9 0.239063 0.761111 0.100000 0.113889
9 0.240625 0.732639 0.446875 0.440278
9 0.776563 0.514583 0.446875 0.440278
9 0.469141 0.456250 0.086719 0.326389
