9 0.665417 0.377222 0.095833 0.085556
9 0.548333 0.445000 0.106667 0.107778
9 0.462500 0.615000 0.125000 0.138889
9 0.702083 0.562778 0.095833 0.107778
9 0.363750 0.130556 0.227500 0.221111
9 0.588750 0.333333 0.069167 0.073333
9 0.342500 0.502222 0.111667 0.115556
9 0.440000 0.502778 0.083333 0.092222
9 0.513750 0.362778 0.070833 0.074444
9 0.516667 0.471111 0.463333 0.424444
9 0.440417 0.412778 0.092500 0.087778
9 0.476667 0.295000 0.080000 0.072222
9 0.344167 0.328889 0.076667 0.071111
9 0.896667 0.246667 0.206667 0.337778
