9 0.800546 0.758182 0.289617 0.098182
9 0.644809 0.489091 0.273224 0.127273
9 0.445355 0.680000 0.256831 0.152727
9 0.199454 0.703636 0.147541 0.192727
9 0.393443 0.836364 0.273224 0.138182
9 0.497268 0.636364 0.994536 0.727273
9 0.871585 0.605455 0.256831 0.120000
9 0.103825 0.503636 0.207650 0.112727
9 0.784153 0.356364 0.180328 0.160000
9 0.612022 0.923636 0.131148 0.152727
9 0.964481 0.323636 0.060109 0.087273
9 0.084699 0.338182 0.169399 0.123636
9 0.344262 0.349091 0.229508 0.145455
9 0.959016 0.467273 0.071038 0.076364
9 0.857923 0.950909 0.174863 0.098182
9 0.953552 0.914545 0.081967 0.090909
9 0.461749 0.525455 0.202186 0.178182