9 0.339662 0.164319 0.113924 0.131455
9 0.215190 0.293427 0.109705 0.126761
9 0.506329 0.119718 0.109705 0.126761
9 0.681435 0.166667 0.113924 0.126761
9 0.808017 0.307512 0.113924 0.126761
9 0.795359 0.692488 0.113924 0.126761
9 0.158228 0.485915 0.113924 0.126761
9 0.200422 0.687793 0.113924 0.126761
9 0.310127 0.809859 0.113924 0.126761
9 0.639241 0.518779 0.232068 0.070423
9 0.489451 0.877934 0.118143 0.131455
9 0.514768 0.345070 0.067511 0.248826
9 0.664557 0.828638 0.113924 0.126761
9 0.845992 0.514085 0.113924 0.126761
9 0.504219 0.497653 0.805907 0.901408