9 0.334545 0.491803 0.072727 0.120219
9 0.767273 0.590164 0.087273 0.109290
9 0.458182 0.773224 0.080000 0.114754
9 0.314545 0.319672 0.069091 0.092896
9 0.392727 0.622951 0.072727 0.098361
9 0.116364 0.510929 0.116364 0.147541
9 0.329091 0.871585 0.061818 0.202186
9 0.874545 0.767760 0.083636 0.114754
9 0.585455 0.806011 0.043636 0.060109
9 0.510909 0.500000 0.112727 0.147541
9 0.154545 0.346995 0.076364 0.071038
9 0.396364 0.330601 0.080000 0.136612
9 0.578182 0.251366 0.058182 0.076503
9 0.738182 0.459016 0.065455 0.098361
9 0.790909 0.901639 0.141818 0.109290
9 0.396364 0.101093 0.101818 0.071038
9 0.096364 0.196721 0.047273 0.131148
