9 0.916230 0.653409 0.104712 0.147727
9 0.311518 0.562500 0.350785 0.344697
9 0.143979 0.253788 0.277487 0.280303
9 0.465969 0.160985 0.429319 0.125000
9 0.261780 0.047348 0.261780 0.087121
9 0.531414 0.064394 0.235602 0.121212
9 0.793194 0.079545 0.235602 0.113636
9 0.934555 0.267045 0.130890 0.109848
9 0.871728 0.157197 0.235602 0.109848
9 0.581152 0.316288 0.502618 0.170455
9 0.701571 0.562500 0.544503 0.306818
9 0.191099 0.689394 0.371728 0.469697
9 0.560209 0.833333 0.376963 0.189394
9 0.876963 0.714015 0.246073 0.314394
