9 0.504444 0.497778 0.920000 0.577778
9 0.491111 0.348889 0.200000 0.093333
9 0.286667 0.531111 0.226667 0.075556
9 0.093333 0.328889 0.080000 0.231111
9 0.164444 0.708889 0.195556 0.102222
9 0.266667 0.351111 0.133333 0.133333
9 0.504444 0.706667 0.057778 0.142222
9 0.700000 0.535556 0.128889 0.128889
9 0.884444 0.706667 0.133333 0.133333
9 0.695556 0.715556 0.120000 0.115556
9 0.697778 0.353333 0.115556 0.120000
9 0.893333 0.351111 0.062222 0.142222
9 0.508889 0.531111 0.120000 0.120000
9 0.886667 0.533333 0.084444 0.080000
9 0.362222 0.702222 0.075556 0.071111
9 0.097778 0.528889 0.071111 0.071111
