9 0.210667 0.416000 0.056000 0.084000
9 0.075333 0.494000 0.057333 0.084000
9 0.104667 0.577000 0.060000 0.082000
9 0.272667 0.377000 0.049333 0.082000
9 0.143333 0.454000 0.057333 0.080000
9 0.196667 0.860000 0.065333 0.096000
9 0.164667 0.766000 0.062667 0.092000
9 0.133333 0.675000 0.061333 0.082000
9 0.504667 0.434000 0.126667 0.176000
9 0.910000 0.621000 0.073333 0.110000
9 0.262667 0.823000 0.050667 0.086000
9 0.740000 0.558000 0.072000 0.104000
9 0.309333 0.704000 0.109333 0.140000
9 0.833333 0.484000 0.072000 0.108000
9 0.169333 0.538000 0.050667 0.072000
9 0.396000 0.342000 0.128000 0.180000
9 0.916667 0.517000 0.070667 0.106000
9 0.377333 0.823000 0.112000 0.146000
9 0.825333 0.591000 0.074667 0.110000
9 0.244667 0.586000 0.108000 0.136000
9 0.410667 0.595000 0.106667 0.138000
9 0.235333 0.483000 0.044000 0.046000
9 0.555333 0.343000 0.444000 0.482000
