9 0.075290 0.262887 0.142857 0.123711
9 0.472973 0.445876 0.166023 0.159794
9 0.961390 0.332474 0.069498 0.180412
9 0.222008 0.608247 0.181467 0.185567
9 0.777992 0.247423 0.142857 0.144330
9 0.922780 0.175258 0.131274 0.144330
9 0.461390 0.721649 0.204633 0.237113
9 0.550193 0.051546 0.111969 0.092784
9 0.936293 0.033505 0.111969 0.067010
9 0.718147 0.577320 0.185328 0.154639
9 0.252896 0.355670 0.158301 0.144330
9 0.559846 0.188144 0.131274 0.139175
9 0.393822 0.110825 0.115830 0.128866
9 0.731660 0.100515 0.127413 0.128866
9 0.756757 0.002577 0.131274 0.005155
9 0.044402 0.443299 0.088803 0.154639