9 0.562083 0.112778 0.110833 0.107778
9 0.408333 0.063889 0.081667 0.118889
9 0.936667 0.448333 0.090000 0.094444
9 0.603750 0.807778 0.099167 0.104444
9 0.171250 0.707778 0.060833 0.146667
9 0.838750 0.498333 0.094167 0.090000
9 0.199167 0.857778 0.063333 0.151111
9 0.366667 0.753889 0.058333 0.092222
9 0.687500 0.366111 0.093333 0.092222
9 0.723750 0.061111 0.104167 0.088889
9 0.088333 0.817778 0.061667 0.151111
9 0.789167 0.833889 0.100000 0.090000
9 0.451250 0.784444 0.055833 0.088889
9 0.062500 0.666111 0.063333 0.143333
9 0.585000 0.031111 0.101667 0.060000
9 0.912917 0.612222 0.090833 0.091111
9 0.654167 0.533889 0.095000 0.092222
9 0.816250 0.661111 0.099167 0.086667
9 0.891250 0.776667 0.094167 0.091111
9 0.336667 0.051667 0.080000 0.101111
9 0.702500 0.160556 0.103333 0.087778
9 0.196250 0.352778 0.389167 0.476667
9 0.449167 0.529444 0.231667 0.581111
9 0.900417 0.163889 0.199167 0.325556
