1 0.035156 0.122066 0.067187 0.061033
1 0.484375 0.467136 0.196875 0.056338
1 0.032031 0.334507 0.060937 0.049296
1 0.146094 0.529343 0.267188 0.194836
1 0.100000 0.203052 0.196875 0.161972
1 0.180469 0.361502 0.204687 0.150235
1 0.111719 0.138498 0.151562 0.154930
1 0.021094 0.699531 0.039062 0.131455
1 0.263281 0.512911 0.257812 0.166667
24 0.444531 0.773474 0.189062 0.208920
24 0.535937 0.701878 0.171875 0.173709
24 0.654687 0.659624 0.165625 0.178404
24 0.675000 0.832160 0.100000 0.110329
24 0.589844 0.906103 0.098437 0.117371
1 0.689063 0.088028 0.246875 0.124413
1 0.470313 0.053991 0.184375 0.056338
1 0.357031 0.036385 0.198437 0.058685
