24 0.404687 0.604460 0.287500 0.424883
24 0.610156 0.638498 0.223438 0.422535
24 0.792188 0.604460 0.228125 0.359155
24 0.760156 0.937793 0.123438 0.124413
24 0.250000 0.818075 0.121875 0.194836
24 0.160156 0.535211 0.129688 0.201878
1 0.152344 0.289906 0.301563 0.208920
1 0.222656 0.044601 0.289062 0.084507
1 0.339844 0.237089 0.214062 0.187793
1 0.532813 0.184272 0.293750 0.190141
1 0.644531 0.072770 0.282813 0.140845
1 0.878125 0.267606 0.243750 0.183099
1 0.837500 0.078638 0.056250 0.152582
