21 0.318750 0.803906 0.287500 0.248438
21 0.311719 0.287500 0.160938 0.221875
21 0.892188 0.728906 0.212500 0.267188
21 0.551562 0.061719 0.187500 0.120313
21 0.686719 0.864062 0.335938 0.268750
21 0.087500 0.534375 0.171875 0.193750
21 0.746094 0.436719 0.142187 0.170313
21 0.473438 0.362500 0.162500 0.075000
21 0.672656 0.214844 0.107813 0.092188
21 0.847656 0.167969 0.304688 0.332813
21 0.534375 0.545312 0.087500 0.109375
21 0.083594 0.903906 0.164062 0.120313
21 0.172656 0.119531 0.342187 0.235937
21 0.319531 0.577344 0.048438 0.051562
21 0.730469 0.635938 0.039062 0.050000
21 0.877344 0.438281 0.026562 0.057813
