8 0.654412 0.291358 0.547386 0.439506
8 0.607843 0.722222 0.529412 0.481481
8 0.276144 0.107407 0.107843 0.209877
8 0.275327 0.298765 0.119281 0.148148
8 0.248366 0.491358 0.111111 0.148148
8 0.282680 0.666667 0.107843 0.162963
8 0.241830 0.801235 0.091503 0.140741
8 0.144608 0.141975 0.106209 0.155556
8 0.137255 0.481481 0.098039 0.148148
8 0.151961 0.651852 0.107843 0.153086
8 0.124183 0.775309 0.098039 0.123457
8 0.040033 0.150617 0.076797 0.158025
8 0.044935 0.312346 0.086601 0.135802
8 0.044118 0.472840 0.084967 0.135802
8 0.050654 0.620988 0.081699 0.155556
8 0.032680 0.748148 0.062092 0.108642
