19 0.634375 0.446316 0.281250 0.387368
19 0.832031 0.706316 0.182812 0.242105
19 0.167969 0.276842 0.245312 0.115789
19 0.397656 0.235789 0.273438 0.366316
19 0.764062 0.534737 0.221875 0.172632
19 0.682031 0.211579 0.273438 0.343158
19 0.493750 0.361053 0.196875 0.406316
19 0.295312 0.585263 0.143750 0.273684
19 0.145313 0.482105 0.175000 0.197895
19 0.145313 0.690526 0.165625 0.210526
19 0.254688 0.118947 0.209375 0.124211
19 0.368750 0.760000 0.209375 0.155789
19 0.564063 0.765263 0.206250 0.149474
19 0.855469 0.335789 0.195312 0.145263