19 0.750000 0.107813 0.400000 0.103125
19 0.773438 0.727344 0.325000 0.154688
19 0.753906 0.246875 0.398438 0.106250
19 0.178906 0.282031 0.285938 0.073438
19 0.793750 0.921094 0.325000 0.076563
19 0.451562 0.066406 0.378125 0.073438
19 0.424219 0.698438 0.345313 0.140625
19 0.385156 0.481250 0.539062 0.059375
19 0.179688 0.144531 0.281250 0.151562
19 0.758594 0.407031 0.389062 0.101562
19 0.217188 0.761719 0.359375 0.073438
19 0.235937 0.370312 0.303125 0.078125
19 0.629687 0.335938 0.403125 0.068750
19 0.608594 0.846875 0.329688 0.075000
19 0.546094 0.211719 0.392188 0.067187
19 0.316406 0.581250 0.539062 0.056250
19 0.222656 0.900781 0.357812 0.079687
19 0.677344 0.508594 0.545312 0.076563