15 0.625781 0.111821 0.217188 0.220447
15 0.518750 0.394569 0.190625 0.194888
15 0.283594 0.627796 0.182812 0.182109
15 0.517969 0.627796 0.189062 0.194888
15 0.292969 0.388179 0.204687 0.191693
15 0.877344 0.112620 0.235937 0.206070
15 0.137500 0.116613 0.221875 0.230032
15 0.107813 0.892173 0.206250 0.212460
15 0.832812 0.423323 0.296875 0.332268
15 0.202344 0.873003 0.245312 0.247604
15 0.435156 0.885783 0.220312 0.222045
15 0.272656 0.891374 0.207813 0.210863
15 0.356250 0.884984 0.221875 0.223642
15 0.789062 0.423323 0.296875 0.332268
15 0.112500 0.116613 0.221875 0.230032
15 0.377344 0.114217 0.220312 0.225240
