15 0.283019 0.058594 0.559748 0.117188
15 0.286164 0.940625 0.562893 0.112500
15 0.281447 0.588281 0.553459 0.157812
15 0.284591 0.764844 0.559748 0.104688
15 0.822327 0.436719 0.317610 0.176563
15 0.816038 0.928125 0.311321 0.128125
15 0.842767 0.625000 0.235849 0.181250
15 0.790094 0.782813 0.290881 0.121875
15 0.825472 0.072656 0.273585 0.145313
15 0.801101 0.436719 0.278302 0.173437
15 0.842767 0.435937 0.279874 0.175000
15 0.821541 0.246875 0.294025 0.168750
15 0.800314 0.624219 0.235849 0.182812
15 0.288522 0.235937 0.567610 0.096875
15 0.852201 0.783594 0.289308 0.120313
15 0.279874 0.411719 0.550314 0.089063
15 0.821541 0.782813 0.350629 0.121875