15 0.703125 0.292969 0.146875 0.421875
15 0.313281 0.263672 0.142187 0.355469
15 0.507031 0.697266 0.148438 0.363281
15 0.703906 0.699219 0.142187 0.359375
15 0.357812 0.587891 0.056250 0.144531
15 0.317188 0.261719 0.137500 0.359375
15 0.703906 0.267578 0.145313 0.371094
15 0.116406 0.267578 0.142187 0.355469
15 0.121094 0.263672 0.142187 0.355469
15 0.119531 0.708984 0.142187 0.355469
15 0.119531 0.701172 0.142187 0.355469
15 0.268750 0.582031 0.056250 0.148438
15 0.865625 0.607422 0.050000 0.183594
15 0.928125 0.603516 0.050000 0.183594
15 0.899219 0.285156 0.042188 0.484375
