15 0.498437 0.497653 0.990625 0.995305
15 0.316406 0.178404 0.067187 0.150235
15 0.777344 0.062207 0.054688 0.124413
15 0.500781 0.177230 0.067187 0.147887
15 0.225781 0.063380 0.054688 0.122066
15 0.408594 0.063380 0.054688 0.122066
15 0.592969 0.063380 0.054688 0.122066
15 0.132812 0.177230 0.065625 0.147887
15 0.867969 0.178404 0.067187 0.150235
15 0.041406 0.063380 0.054688 0.122066
15 0.960938 0.063380 0.056250 0.122066
15 0.408594 0.279343 0.054688 0.122066
15 0.777344 0.280516 0.054688 0.124413
15 0.592969 0.281690 0.054688 0.122066
15 0.316406 0.395540 0.067187 0.147887
15 0.684375 0.395540 0.065625 0.147887
15 0.867969 0.395540 0.067187 0.147887
15 0.132812 0.395540 0.065625 0.147887
15 0.500781 0.395540 0.067187 0.147887
15 0.960938 0.279343 0.053125 0.122066
15 0.408594 0.498826 0.054688 0.124413
15 0.225000 0.279343 0.053125 0.122066
15 0.684375 0.613850 0.065625 0.147887
15 0.777344 0.497653 0.054688 0.122066
15 0.225000 0.497653 0.056250 0.122066
15 0.592969 0.497653 0.054688 0.122066
15 0.132812 0.613850 0.065625 0.147887
15 0.500781 0.613850 0.067187 0.147887
15 0.316406 0.613850 0.067187 0.147887
15 0.041406 0.280516 0.054688 0.124413
15 0.408594 0.715962 0.054688 0.122066
15 0.867969 0.613850 0.067187 0.147887
15 0.960938 0.715962 0.053125 0.122066
15 0.961719 0.498826 0.054688 0.124413
15 0.777344 0.715962 0.054688 0.122066
15 0.041406 0.497653 0.054688 0.122066
15 0.316406 0.832160 0.067187 0.147887
15 0.224219 0.715962 0.054688 0.122066
15 0.592969 0.715962 0.054688 0.122066
15 0.500781 0.832160 0.067187 0.147887
15 0.960938 0.933099 0.056250 0.119718
15 0.041406 0.715962 0.054688 0.122066
15 0.132812 0.832160 0.065625 0.147887
15 0.684375 0.832160 0.065625 0.147887
15 0.867969 0.832160 0.067187 0.147887
15 0.684375 0.178404 0.065625 0.150235
15 0.777344 0.933099 0.054688 0.119718
15 0.409375 0.933099 0.056250 0.119718
15 0.225000 0.933099 0.056250 0.119718
15 0.592969 0.933099 0.054688 0.119718
15 0.041406 0.933099 0.054688 0.119718