15 0.339527 0.108594 0.097973 0.189062
15 0.630912 0.897656 0.086149 0.201563
15 0.331926 0.381250 0.109797 0.153125
15 0.050676 0.114844 0.064189 0.160938
15 0.614865 0.374219 0.077703 0.189062
15 0.043919 0.381250 0.060811 0.168750
15 0.051520 0.632031 0.099662 0.198437
15 0.903716 0.104688 0.054054 0.187500
4 0.331081 0.900000 0.040541 0.181250
15 0.622466 0.640625 0.096284 0.153125
15 0.338682 0.639844 0.062500 0.160938
15 0.916385 0.366406 0.038851 0.201563
15 0.016047 0.900000 0.028716 0.196875
15 0.913851 0.639062 0.094595 0.203125
15 0.615709 0.106250 0.032095 0.209375
15 0.918919 0.897656 0.158784 0.157812
