15 0.037500 0.291326 0.046875 0.579378
15 0.917188 0.678396 0.159375 0.636661
15 0.837500 0.190671 0.040625 0.289689
15 0.673438 0.762684 0.118750 0.468085
15 0.450781 0.312602 0.076563 0.533552
15 0.942187 0.145663 0.034375 0.202946
15 0.600781 0.243863 0.064062 0.396072
15 0.703125 0.211948 0.037500 0.332242
15 0.785156 0.657938 0.164062 0.677578
15 0.032031 0.810966 0.060937 0.371522
15 0.589844 0.820786 0.085938 0.355155
15 0.113281 0.301964 0.048438 0.515548
15 0.122656 0.820786 0.089063 0.351882
15 0.365625 0.270049 0.059375 0.445172
15 0.532813 0.271686 0.062500 0.451718
15 0.225000 0.811784 0.093750 0.373159
15 0.323437 0.810966 0.131250 0.371522
15 0.278125 0.271686 0.103125 0.451718
15 0.192969 0.296236 0.042188 0.500818
