15 0.062500 0.711881 0.093750 0.413861
15 0.821094 0.253465 0.079687 0.403960
15 0.694531 0.253465 0.095312 0.400000
15 0.567969 0.259406 0.079687 0.415842
15 0.945312 0.253465 0.071875 0.400000
15 0.063281 0.253465 0.045312 0.403960
15 0.946094 0.704950 0.060937 0.403960
15 0.315625 0.710891 0.081250 0.415842
15 0.315625 0.249505 0.046875 0.400000
15 0.441406 0.241584 0.051562 0.376238
15 0.567969 0.711881 0.082812 0.413861
15 0.442188 0.710891 0.084375 0.411881
15 0.190625 0.723762 0.062500 0.437624
15 0.820312 0.706931 0.046875 0.407921
15 0.694531 0.705941 0.048438 0.401980
15 0.189062 0.251485 0.068750 0.396040