15 0.107813 0.683884 0.106250 0.495868
15 0.221875 0.233471 0.059375 0.342975
15 0.902344 0.679752 0.079687 0.500000
15 0.562500 0.284091 0.075000 0.444215
15 0.903125 0.222107 0.065625 0.316116
15 0.335156 0.243802 0.073438 0.363636
4 0.106250 0.203512 0.078125 0.283058
15 0.789062 0.317149 0.100000 0.506198
15 0.221875 0.701446 0.050000 0.460744
15 0.675000 0.712810 0.046875 0.433884
15 0.335156 0.725207 0.060937 0.413223
15 0.448437 0.241736 0.071875 0.359504
4 0.789062 0.769628 0.084375 0.324380
15 0.675000 0.234504 0.081250 0.340909
15 0.562500 0.762397 0.065625 0.334711
15 0.449219 0.700413 0.060937 0.462810
