15 0.094531 0.094531 0.129688 0.129688
15 0.296094 0.094531 0.129688 0.129688
15 0.700781 0.094531 0.129688 0.129688
15 0.498437 0.095312 0.131250 0.131250
15 0.296094 0.499219 0.129688 0.129688
15 0.498437 0.701562 0.131250 0.131250
15 0.902344 0.296094 0.129688 0.129688
15 0.902344 0.700781 0.129688 0.129688
15 0.902344 0.094531 0.129688 0.129688
15 0.499219 0.296875 0.129688 0.131250
15 0.296875 0.296875 0.131250 0.131250
15 0.902344 0.498437 0.129688 0.131250
15 0.700781 0.296875 0.129688 0.131250
15 0.700781 0.499219 0.129688 0.129688
15 0.094531 0.296094 0.129688 0.129688
15 0.094531 0.498437 0.132812 0.131250
15 0.093750 0.700000 0.131250 0.131250
15 0.902344 0.903125 0.129688 0.131250
15 0.296875 0.903125 0.128125 0.131250
15 0.700781 0.700781 0.132812 0.129688
15 0.094531 0.903125 0.129688 0.131250
15 0.296875 0.700000 0.131250 0.131250
15 0.499219 0.903125 0.129688 0.128125
15 0.498437 0.499219 0.131250 0.132812
15 0.700781 0.903906 0.132812 0.132812