15 0.897656 0.666994 0.126562 0.159136
15 0.098437 0.662083 0.121875 0.149312
15 0.906250 0.885069 0.109375 0.127701
15 0.697656 0.663065 0.123438 0.182711
15 0.703906 0.894892 0.167187 0.111984
15 0.503125 0.866405 0.137500 0.165029
15 0.093750 0.874263 0.112500 0.145383
15 0.300781 0.877210 0.117188 0.147348
15 0.939063 0.163065 0.043750 0.212181
15 0.932031 0.425344 0.054688 0.222004
15 0.293750 0.161100 0.040625 0.216110
15 0.470313 0.152259 0.031250 0.229862
15 0.297656 0.663065 0.123438 0.151277
15 0.881250 0.160118 0.046875 0.214145
15 0.352344 0.161100 0.045312 0.216110
15 0.058594 0.168959 0.045312 0.188605
15 0.120313 0.426326 0.046875 0.223969
15 0.728906 0.430255 0.042188 0.231827
15 0.763281 0.160118 0.035937 0.218075
15 0.187500 0.425344 0.043750 0.218075
15 0.497656 0.662083 0.101562 0.176817
15 0.822656 0.164047 0.035937 0.206287
15 0.052344 0.427308 0.029687 0.214145
15 0.528906 0.161100 0.039062 0.212181
15 0.176563 0.187623 0.043750 0.163065
15 0.234375 0.152259 0.021875 0.229862
15 0.117188 0.157171 0.043750 0.220039
15 0.410938 0.160118 0.034375 0.214145
15 0.661719 0.426326 0.042188 0.231827
15 0.592969 0.426326 0.042188 0.231827
15 0.527344 0.422397 0.042188 0.231827
15 0.458594 0.426326 0.042188 0.231827
15 0.391406 0.428291 0.042188 0.231827
15 0.260156 0.426326 0.042188 0.231827
15 0.320312 0.427308 0.075000 0.214145
4 0.867969 0.418468 0.045312 0.125737
15 0.705469 0.160118 0.035937 0.218075
15 0.650781 0.160118 0.035937 0.218075
15 0.591406 0.164047 0.035937 0.218075
