15 0.268750 0.386111 0.109375 0.255556
15 0.743750 0.376389 0.165625 0.197222
15 0.571875 0.669444 0.046875 0.366667
15 0.503906 0.209722 0.060937 0.102778
15 0.117969 0.820833 0.048438 0.091667
15 0.074219 0.301389 0.148438 0.108333
15 0.320312 0.061111 0.203125 0.122222
15 0.325000 0.816667 0.193750 0.211111
15 0.935156 0.381944 0.073438 0.125000
15 0.069531 0.544444 0.110937 0.094444
15 0.106250 0.950000 0.159375 0.050000
15 0.403906 0.637500 0.154688 0.369444
15 0.042969 0.154167 0.085938 0.119444