15 0.239303 0.436719 0.475436 0.101562
15 0.236133 0.173437 0.469097 0.071875
15 0.882726 0.632812 0.206022 0.196875
15 0.640254 0.368750 0.215531 0.221875
15 0.240887 0.304688 0.478605 0.100000
15 0.641046 0.890625 0.229794 0.209375
15 0.236133 0.042188 0.469097 0.071875
15 0.239303 0.831250 0.475436 0.078125
15 0.641838 0.630469 0.202853 0.198437
15 0.238510 0.699219 0.477021 0.073438
15 0.640254 0.110937 0.225040 0.209375
15 0.883518 0.892969 0.213946 0.204687
15 0.238510 0.568750 0.473851 0.081250
15 0.883518 0.113281 0.223455 0.204687
15 0.884311 0.373437 0.221870 0.218750
15 0.237718 0.962500 0.475436 0.071875