15 0.169531 0.111465 0.329688 0.222930
15 0.829688 0.642516 0.303125 0.221338
15 0.828125 0.111465 0.325000 0.222930
15 0.169531 0.642516 0.301563 0.221338
15 0.495312 0.375000 0.300000 0.221338
15 0.829688 0.373408 0.284375 0.221338
15 0.495312 0.163217 0.243750 0.103503
15 0.168750 0.375000 0.306250 0.208599
15 0.495312 0.644108 0.318750 0.214968
15 0.727344 0.972930 0.539062 0.050955
15 0.727344 0.887739 0.539062 0.049363
15 0.209375 0.951433 0.406250 0.065287
15 0.214062 0.837580 0.406250 0.054140
15 0.213281 0.903662 0.404687 0.030255