15 0.463615 0.443750 0.241784 0.425000
15 0.265258 0.206250 0.173709 0.409375
15 0.113850 0.253906 0.171362 0.370312
15 0.104460 0.429688 0.204225 0.378125
15 0.376761 0.223438 0.171362 0.350000
15 0.502347 0.136719 0.126761 0.270313
15 0.710094 0.134375 0.265258 0.265625
15 0.732394 0.300000 0.234742 0.406250
15 0.627934 0.517188 0.185446 0.400000
15 0.307512 0.625000 0.225352 0.384375
15 0.192488 0.762500 0.140845 0.296875
15 0.369718 0.843750 0.161972 0.312500
15 0.503521 0.739062 0.161972 0.312500
15 0.632629 0.840625 0.161972 0.312500
15 0.759390 0.787500 0.161972 0.312500
15 0.873239 0.548438 0.253521 0.296875
15 0.748826 0.543750 0.253521 0.296875
