15 0.316406 0.157812 0.110937 0.171875
15 0.692187 0.153125 0.103125 0.181250
15 0.879687 0.189062 0.153125 0.265625
15 0.137500 0.190625 0.125000 0.262500
15 0.871875 0.775000 0.103125 0.175000
15 0.318750 0.457813 0.121875 0.184375
15 0.696094 0.456250 0.117188 0.206250
15 0.314063 0.745313 0.146875 0.053125
15 0.130469 0.771875 0.104688 0.162500
15 0.499219 0.757812 0.117188 0.165625
15 0.872656 0.479687 0.151562 0.040625
15 0.500000 0.137500 0.134375 0.068750
15 0.500781 0.446875 0.139063 0.081250
15 0.684375 0.765625 0.146875 0.031250
15 0.127344 0.459375 0.145313 0.031250
15 0.118750 0.184375 0.125000 0.262500
15 0.675000 0.153125 0.103125 0.181250
15 0.859375 0.189062 0.153125 0.265625
15 0.310937 0.457813 0.121875 0.184375
15 0.686719 0.453125 0.117188 0.206250
