15 0.397656 0.092191 0.089063 0.184382
15 0.897656 0.311280 0.101562 0.167028
15 0.223438 0.092191 0.115625 0.180043
15 0.221875 0.311280 0.131250 0.180043
15 0.745313 0.093275 0.100000 0.177874
15 0.896875 0.726681 0.100000 0.177874
15 0.896875 0.522777 0.103125 0.151844
15 0.570312 0.092191 0.118750 0.154013
15 0.049219 0.092191 0.076563 0.175705
15 0.395313 0.312364 0.093750 0.182213
15 0.896875 0.091106 0.103125 0.160521
15 0.569531 0.312364 0.107813 0.164859
15 0.399219 0.725597 0.107813 0.154013
15 0.224219 0.521692 0.110937 0.149675
15 0.052344 0.724512 0.104688 0.147505
15 0.571875 0.522777 0.134375 0.143167
15 0.048438 0.311280 0.090625 0.184382
15 0.398438 0.521692 0.112500 0.154013
15 0.225781 0.725597 0.101562 0.149675
15 0.049219 0.917570 0.098437 0.160521
15 0.743750 0.312364 0.090625 0.169197
15 0.050000 0.522777 0.096875 0.156182
15 0.745313 0.522777 0.087500 0.177874
15 0.746875 0.726681 0.093750 0.160521
15 0.573438 0.725597 0.087500 0.162690