15 0.129952 0.296875 0.041204 0.181250
15 0.881933 0.085938 0.039620 0.168750
15 0.371632 0.296094 0.026941 0.170313
15 0.629160 0.090625 0.031696 0.178125
15 0.629160 0.296094 0.031696 0.195312
15 0.129952 0.096875 0.041204 0.181250
15 0.373217 0.071875 0.042789 0.140625
15 0.373217 0.491406 0.042789 0.173437
15 0.130745 0.492969 0.042789 0.173437
15 0.631537 0.489844 0.042789 0.173437
15 0.883518 0.488281 0.042789 0.173437
15 0.885103 0.291406 0.042789 0.173437
15 0.883518 0.691406 0.042789 0.173437
15 0.631537 0.685156 0.042789 0.173437
15 0.373217 0.686719 0.042789 0.173437
15 0.132330 0.689844 0.042789 0.173437
15 0.125990 0.912500 0.042789 0.175000
15 0.370048 0.900000 0.042789 0.175000
15 0.625990 0.896875 0.041204 0.206250
15 0.880349 0.910937 0.042789 0.178125
