15 0.559375 0.183594 0.293750 0.295312
15 0.666406 0.503906 0.260937 0.295312
15 0.403906 0.183594 0.260937 0.267188
15 0.392188 0.503906 0.275000 0.279687
15 0.269531 0.183594 0.279687 0.282813
15 0.163281 0.182812 0.273438 0.275000
15 0.557813 0.503906 0.281250 0.260937
15 0.260156 0.503125 0.264062 0.287500
15 0.675781 0.183594 0.264062 0.257812
15 0.163281 0.503906 0.273438 0.289062
15 0.372656 0.818750 0.292187 0.268750
15 0.475781 0.817969 0.276562 0.270313
15 0.146875 0.817969 0.256250 0.276562
15 0.828906 0.182812 0.273438 0.271875
15 0.574219 0.817969 0.245312 0.273438
4 0.837500 0.809375 0.190625 0.212500
15 0.846875 0.504687 0.259375 0.290625
15 0.244531 0.818750 0.270313 0.268750
15 0.769531 0.817969 0.298438 0.279687
4 0.647656 0.840625 0.182812 0.181250
