15 0.222656 0.848633 0.157812 0.197266
15 0.406250 0.848633 0.053125 0.263672
15 0.590625 0.847656 0.053125 0.265625
15 0.775000 0.843750 0.153125 0.214844
15 0.870313 0.131836 0.146875 0.208984
15 0.130469 0.133789 0.154688 0.216797
15 0.684375 0.136719 0.150000 0.218750
15 0.312500 0.134766 0.150000 0.214844
15 0.503125 0.132812 0.140625 0.210938
15 0.493750 0.128906 0.140625 0.210938
15 0.676562 0.134766 0.150000 0.218750
15 0.860938 0.132812 0.146875 0.210938
15 0.681250 0.599609 0.053125 0.265625
15 0.867188 0.599609 0.053125 0.265625
15 0.498437 0.607422 0.053125 0.265625
15 0.314063 0.599609 0.053125 0.265625
15 0.130469 0.599609 0.054688 0.265625
