15 0.916406 0.248826 0.070312 0.455399
15 0.075000 0.248826 0.078125 0.455399
15 0.917188 0.747653 0.096875 0.457746
15 0.326562 0.250000 0.059375 0.457746
15 0.579688 0.250000 0.087500 0.457746
15 0.242969 0.251174 0.085938 0.455399
15 0.075000 0.748826 0.056250 0.455399
15 0.495312 0.248826 0.071875 0.455399
15 0.832812 0.248826 0.053125 0.455399
15 0.747656 0.248826 0.064062 0.455399
15 0.410938 0.248826 0.053125 0.455399
15 0.664062 0.248826 0.065625 0.455399
15 0.158594 0.248826 0.057813 0.455399
15 0.832812 0.746479 0.053125 0.455399
15 0.500000 0.495305 0.931250 0.976526
15 0.749219 0.747653 0.064062 0.453052
15 0.328125 0.748826 0.096875 0.455399
15 0.496094 0.747653 0.070312 0.453052
15 0.243750 0.746479 0.053125 0.455399
15 0.159375 0.747653 0.062500 0.453052
15 0.410938 0.748826 0.081250 0.455399
15 0.664844 0.748826 0.067187 0.455399
15 0.580469 0.747653 0.073438 0.453052