15 0.817187 0.250000 0.078125 0.397638
15 0.940625 0.249016 0.071875 0.395669
15 0.566406 0.243110 0.079687 0.411417
15 0.066406 0.755906 0.095312 0.409449
15 0.691406 0.249016 0.095312 0.395669
15 0.192188 0.248031 0.068750 0.389764
15 0.316406 0.250000 0.045312 0.393701
15 0.317188 0.755906 0.081250 0.409449
15 0.942187 0.760827 0.059375 0.399606
15 0.192969 0.743110 0.064062 0.431102
15 0.441406 0.751969 0.082812 0.405512
15 0.065625 0.246063 0.043750 0.397638
15 0.567187 0.754921 0.081250 0.407480
15 0.440625 0.260827 0.050000 0.372047
15 0.817187 0.757874 0.046875 0.401575
15 0.692187 0.760827 0.046875 0.395669