25 0.157031 0.465625 0.173437 0.125000
25 0.810937 0.282031 0.146875 0.107813
25 0.962500 0.410156 0.071875 0.139063
25 0.434375 0.160156 0.137500 0.079687
25 0.457813 0.375781 0.090625 0.164062
25 0.279687 0.279687 0.093750 0.084375
25 0.625781 0.784375 0.092188 0.103125
25 0.419531 0.741406 0.160938 0.051562
25 0.621094 0.225781 0.101562 0.064062
25 0.223438 0.675000 0.100000 0.084375
25 0.567187 0.615625 0.096875 0.075000
25 0.058594 0.209375 0.117188 0.081250
25 0.689844 0.462500 0.073438 0.112500
25 0.784375 0.644531 0.187500 0.057813
25 0.192188 0.084375 0.056250 0.168750
25 0.846094 0.120313 0.142187 0.046875
25 0.353906 0.552344 0.039062 0.123438
25 0.235937 0.889844 0.065625 0.104688
25 0.604688 0.049219 0.078125 0.098437
25 0.045312 0.808594 0.062500 0.139063
25 0.628125 0.957031 0.059375 0.082812
25 0.025000 0.628125 0.050000 0.115625
25 0.844531 0.892188 0.079687 0.143750
25 0.847656 0.481250 0.032813 0.090625
25 0.802344 0.716406 0.092188 0.089063
25 0.411719 0.967187 0.126562 0.040625
25 0.045312 0.982812 0.090625 0.031250