16 0.168750 0.327146 0.090625 0.074246
16 0.067969 0.513921 0.095312 0.076566
16 0.174219 0.574246 0.092188 0.076566
16 0.381250 0.573086 0.087500 0.074246
16 0.278906 0.451276 0.089063 0.071926
16 0.069531 0.389791 0.095312 0.074246
16 0.379688 0.329466 0.087500 0.069606
16 0.481250 0.329466 0.084375 0.069606
16 0.275000 0.327146 0.093750 0.069606
16 0.175781 0.450116 0.089063 0.074246
16 0.458594 0.433875 0.132812 0.120650
16 0.278906 0.573086 0.085938 0.074246
16 0.382812 0.452436 0.087500 0.074246
16 0.578125 0.399072 0.087500 0.074246
