16 0.125781 0.143750 0.232813 0.146875
16 0.664062 0.896875 0.315625 0.165625
16 0.456250 0.137500 0.290625 0.162500
16 0.133594 0.903906 0.254688 0.151562
16 0.624219 0.613281 0.270313 0.204687
16 0.867969 0.367188 0.226562 0.146875
16 0.313281 0.605469 0.120313 0.223438
16 0.928125 0.876563 0.090625 0.209375
16 0.542969 0.356250 0.248438 0.168750
16 0.946094 0.120313 0.042188 0.203125
16 0.073438 0.616406 0.087500 0.201563
16 0.927344 0.611719 0.079687 0.210938
16 0.078906 0.342187 0.089063 0.200000
16 0.382812 0.881250 0.081250 0.196875
16 0.751563 0.113281 0.071875 0.210938
16 0.288281 0.356250 0.145313 0.168750