16 0.124219 0.122656 0.079687 0.182812
16 0.623437 0.121094 0.081250 0.179688
16 0.873437 0.371875 0.071875 0.181250
16 0.124219 0.373437 0.076563 0.187500
16 0.125000 0.622656 0.193750 0.126562
16 0.375000 0.123438 0.178125 0.096875
16 0.874219 0.623437 0.045312 0.184375
16 0.373437 0.624219 0.078125 0.182812
16 0.624219 0.625000 0.057813 0.187500
16 0.124219 0.872656 0.073438 0.179688
16 0.875000 0.876563 0.050000 0.187500
16 0.374219 0.373437 0.089063 0.196875
16 0.623437 0.875000 0.071875 0.193750
16 0.624219 0.374219 0.079687 0.160938
16 0.874219 0.127344 0.101562 0.185938
16 0.374219 0.871875 0.182812 0.134375