16 0.400781 0.132812 0.167187 0.096875
16 0.162500 0.129688 0.075000 0.181250
16 0.879687 0.132031 0.096875 0.170313
16 0.401562 0.379688 0.084375 0.200000
16 0.162500 0.616406 0.184375 0.123438
16 0.880469 0.378125 0.067187 0.193750
16 0.407813 0.857812 0.187500 0.131250
16 0.639844 0.139063 0.076563 0.193750
16 0.402344 0.621094 0.073438 0.185938
16 0.641406 0.858594 0.067187 0.198437
16 0.162500 0.854688 0.075000 0.196875
16 0.640625 0.617188 0.053125 0.190625
16 0.640625 0.380469 0.090625 0.198437
16 0.885156 0.621875 0.035937 0.196875
16 0.879687 0.850781 0.046875 0.198437
16 0.161719 0.377344 0.073438 0.185938