20 0.966406 0.559722 0.060937 0.675000
20 0.902344 0.540278 0.060937 0.675000
20 0.841406 0.540278 0.060937 0.675000
20 0.777344 0.534722 0.060937 0.675000
20 0.714844 0.529167 0.060937 0.675000
20 0.658594 0.529167 0.060937 0.675000
20 0.597656 0.526389 0.060937 0.675000
20 0.536719 0.545833 0.060937 0.675000
20 0.474219 0.534722 0.060937 0.675000
20 0.411719 0.531944 0.060937 0.675000
20 0.352344 0.545833 0.060937 0.675000
20 0.291406 0.537500 0.060937 0.675000
20 0.228906 0.531944 0.060937 0.675000
20 0.167969 0.529167 0.060937 0.675000
20 0.102344 0.529167 0.060937 0.675000
20 0.046094 0.523611 0.060937 0.675000
