20 0.667188 0.725352 0.253125 0.394366
20 0.638281 0.369718 0.257812 0.406103
20 0.132812 0.220657 0.265625 0.403756
20 0.416406 0.667840 0.279687 0.424883
20 0.882812 0.446009 0.231250 0.399061
20 0.378125 0.286385 0.259375 0.408451
20 0.147656 0.568075 0.257812 0.361502
20 0.884375 0.791080 0.228125 0.384977
20 0.155469 0.832160 0.267188 0.330986
20 0.387500 0.892019 0.190625 0.211268
20 0.657813 0.105634 0.175000 0.211268
20 0.839063 0.964789 0.084375 0.065728
20 0.892188 0.127934 0.212500 0.255869
20 0.203125 0.037559 0.109375 0.075117
20 0.428906 0.068075 0.123438 0.136150