20 0.985938 0.523611 0.021875 0.613889
20 0.931250 0.523611 0.056250 0.625000
20 0.872656 0.522222 0.057813 0.627778
20 0.812500 0.520833 0.068750 0.630556
20 0.758594 0.504167 0.060937 0.647222
20 0.697656 0.512500 0.057813 0.630556
20 0.639062 0.513889 0.062500 0.655556
20 0.576562 0.509722 0.053125 0.652778
20 0.519531 0.512500 0.057813 0.647222
20 0.458594 0.506944 0.057813 0.652778
20 0.396875 0.506944 0.053125 0.658333
20 0.336719 0.518056 0.060937 0.675000
20 0.278906 0.512500 0.060937 0.675000
20 0.222656 0.509722 0.060937 0.675000
20 0.157031 0.506944 0.060937 0.675000
20 0.096094 0.506944 0.060937 0.675000
20 0.031250 0.501389 0.059375 0.675000
