20 0.846875 0.758333 0.178125 0.472222
20 0.498437 0.805556 0.153125 0.377778
20 0.267969 0.726389 0.151562 0.536111
20 0.060937 0.656944 0.118750 0.675000
20 0.592969 0.675000 0.120313 0.638889
20 0.336719 0.662500 0.098437 0.636111
20 0.157031 0.554167 0.126562 0.658333
20 0.376563 0.530556 0.087500 0.627778
20 0.656250 0.594444 0.096875 0.811111
20 0.852344 0.387500 0.145313 0.663889
20 0.942187 0.433333 0.115625 0.511111
20 0.192188 0.288889 0.084375 0.500000
20 0.320312 0.191667 0.059375 0.372222
20 0.427344 0.255556 0.054688 0.505556
