20 0.519531 0.778169 0.282813 0.354460
20 0.278125 0.699531 0.278125 0.370892
20 0.443750 0.456573 0.281250 0.382629
20 0.225000 0.400235 0.281250 0.387324
20 0.744531 0.827465 0.279687 0.340376
20 0.863281 0.558685 0.270313 0.375587
20 0.664062 0.512911 0.275000 0.382629
20 0.582031 0.180751 0.276562 0.361502
20 0.380469 0.163146 0.282813 0.326291
20 0.746094 0.163146 0.273438 0.326291
20 0.303906 0.915493 0.164062 0.164319
20 0.907813 0.854460 0.181250 0.281690
20 0.179688 0.126761 0.237500 0.253521
20 0.113281 0.659624 0.226562 0.338028
20 0.041406 0.119718 0.082812 0.173709
20 0.107031 0.874413 0.214062 0.246479
20 0.507031 0.940141 0.132812 0.115023
20 0.061719 0.395540 0.123438 0.227700
20 0.903906 0.146714 0.189062 0.293427
20 0.948438 0.453052 0.100000 0.215962