20 0.904448 0.195312 0.138386 0.346875
20 0.798188 0.193750 0.067545 0.343750
20 0.719110 0.214844 0.064250 0.301563
20 0.618616 0.203125 0.116969 0.331250
20 0.509061 0.193750 0.075783 0.353125
20 0.425041 0.185938 0.075783 0.353125
20 0.315486 0.208594 0.113674 0.329688
20 0.204283 0.201563 0.075783 0.334375
20 0.120264 0.206250 0.075783 0.334375
20 0.051895 0.212500 0.044481 0.318750
20 0.514003 0.552344 0.105437 0.335938
20 0.387974 0.546875 0.110379 0.331250
20 0.289951 0.544531 0.059308 0.329688
20 0.212521 0.592969 0.059308 0.242188
20 0.140857 0.575000 0.064250 0.281250
20 0.049423 0.557031 0.072488 0.323437
20 0.341845 0.853125 0.116969 0.259375
