20 0.610156 0.347917 0.104688 0.458333
20 0.414062 0.708333 0.378125 0.125000
20 0.121875 0.262500 0.143750 0.329167
20 0.276562 0.338542 0.100000 0.514583
20 0.388281 0.336458 0.073438 0.502083
20 0.710156 0.741667 0.142187 0.329167
20 0.727344 0.336458 0.079687 0.402083
20 0.838281 0.685417 0.070312 0.437500
20 0.916406 0.682292 0.054688 0.439583
20 0.087500 0.683333 0.059375 0.437500
20 0.880469 0.260417 0.142187 0.333333
20 0.492969 0.340625 0.082812 0.497917
20 0.423438 0.840625 0.400000 0.081250
20 0.170313 0.685417 0.059375 0.429167