20 0.599219 0.809859 0.210938 0.164319
20 0.895312 0.548122 0.056250 0.420188
20 0.450781 0.420188 0.060937 0.413146
20 0.335156 0.456573 0.054688 0.373239
20 0.810937 0.510563 0.056250 0.420188
20 0.764062 0.606808 0.056250 0.420188
20 0.704688 0.564554 0.056250 0.420188
20 0.764844 0.339202 0.042188 0.143192
20 0.698438 0.343897 0.046875 0.115023
20 0.588281 0.478873 0.057813 0.338028
20 0.621094 0.426056 0.054688 0.363850
20 0.533594 0.442488 0.054688 0.363850
20 0.439063 0.821596 0.071875 0.173709
20 0.420312 0.705399 0.237500 0.157277
20 0.546094 0.727700 0.270313 0.084507
20 0.614062 0.654930 0.196875 0.093897
20 0.480469 0.643192 0.179688 0.061033
