20 0.946094 0.490278 0.048438 0.475000
20 0.502344 0.530556 0.067187 0.594444
20 0.896094 0.493056 0.048438 0.475000
20 0.855469 0.491667 0.042188 0.455556
20 0.813281 0.491667 0.042188 0.455556
20 0.771094 0.494444 0.042188 0.455556
20 0.727344 0.488889 0.042188 0.455556
20 0.686719 0.491667 0.042188 0.455556
20 0.642969 0.494444 0.042188 0.455556
20 0.600781 0.491667 0.042188 0.455556
20 0.558594 0.497222 0.042188 0.455556
20 0.432031 0.491667 0.042188 0.455556
20 0.388281 0.491667 0.042188 0.455556
20 0.347656 0.497222 0.042188 0.455556
20 0.305469 0.486111 0.042188 0.455556
20 0.260156 0.486111 0.042188 0.455556
20 0.221094 0.486111 0.042188 0.455556
20 0.182031 0.483333 0.042188 0.455556
20 0.132031 0.480556 0.042188 0.455556
20 0.089844 0.483333 0.042188 0.455556
20 0.049219 0.483333 0.042188 0.455556
