20 0.821094 0.584507 0.057813 0.427230
20 0.673438 0.645540 0.059375 0.441315
20 0.742969 0.542254 0.051562 0.427230
20 0.444531 0.683099 0.135937 0.319249
20 0.277344 0.613850 0.060937 0.453052
20 0.159375 0.613850 0.050000 0.438967
20 0.202344 0.544601 0.057813 0.455399
20 0.514844 0.539906 0.054688 0.417840
20 0.348438 0.467136 0.043750 0.384977
20 0.615625 0.595070 0.059375 0.434272
20 0.402344 0.469484 0.045312 0.244131
20 0.303906 0.500000 0.067187 0.464789
20 0.632812 0.390845 0.050000 0.166667
20 0.600781 0.468310 0.048438 0.392019
20 0.472656 0.428404 0.048438 0.284038
