20 0.825781 0.284038 0.342187 0.380282
20 0.192188 0.781690 0.384375 0.427230
20 0.187500 0.218310 0.375000 0.436620
20 0.809375 0.806338 0.378125 0.382629
20 0.769531 0.181925 0.342187 0.363850
20 0.288281 0.176056 0.273438 0.352113
20 0.312500 0.840376 0.225000 0.309859
20 0.684375 0.859155 0.212500 0.276995
20 0.832031 0.546948 0.332813 0.159624
20 0.176563 0.546948 0.353125 0.305164
20 0.574219 0.876761 0.164062 0.241784
20 0.619531 0.152582 0.142187 0.305164
20 0.439063 0.873239 0.112500 0.248826
20 0.466406 0.149061 0.101562 0.298122