20 0.300000 0.607981 0.228125 0.366197
20 0.474219 0.413146 0.395313 0.244131
20 0.789844 0.307512 0.407813 0.258216
20 0.855469 0.660798 0.198437 0.598592
20 0.408594 0.139671 0.401562 0.274648
20 0.575781 0.170188 0.376563 0.335681
20 0.050781 0.650235 0.098437 0.389671
20 0.633594 0.767606 0.107813 0.460094
20 0.417187 0.515258 0.375000 0.269953
20 0.944531 0.711268 0.107813 0.572770
20 0.507812 0.854460 0.162500 0.286385
20 0.278125 0.845070 0.434375 0.272300
20 0.153906 0.519953 0.082812 0.570423
20 0.808594 0.772300 0.123438 0.450704
20 0.711719 0.692488 0.092188 0.577465
20 0.823438 0.150235 0.353125 0.089202
20 0.097656 0.253521 0.192188 0.366197
20 0.037500 0.183099 0.071875 0.187793
20 0.347656 0.907277 0.173437 0.185446
20 0.212500 0.943662 0.156250 0.112676
