20 0.775000 0.650235 0.287500 0.389671
20 0.525000 0.645540 0.325000 0.441315
20 0.710156 0.329812 0.292187 0.387324
20 0.286719 0.644366 0.285938 0.392019
20 0.191406 0.208920 0.298438 0.384977
20 0.439063 0.246479 0.340625 0.450704
20 0.885156 0.338028 0.226562 0.361502
20 0.057031 0.319249 0.114062 0.239437
20 0.310937 0.893192 0.209375 0.208920
20 0.778125 0.929577 0.146875 0.136150
20 0.089844 0.622066 0.179688 0.305164
20 0.104688 0.867371 0.209375 0.260563
20 0.882031 0.110329 0.217188 0.220657
20 0.541406 0.921362 0.167187 0.152582
20 0.943750 0.638498 0.109375 0.192488
20 0.664062 0.075117 0.159375 0.150235
20 0.464062 0.053991 0.125000 0.107981