20 0.748437 0.348592 0.287500 0.241784
20 0.678125 0.586854 0.290625 0.206573
20 0.753906 0.188967 0.301563 0.105634
20 0.871875 0.139671 0.253125 0.166667
20 0.827344 0.416667 0.264062 0.302817
20 0.687500 0.915493 0.225000 0.164319
20 0.779687 0.782864 0.250000 0.302817
20 0.921094 0.055164 0.154688 0.105634
20 0.735938 0.820423 0.250000 0.293427
20 0.879687 0.577465 0.159375 0.417840
20 0.927344 0.771127 0.142187 0.091549
20 0.952344 0.644366 0.092188 0.176056
20 0.918750 0.922535 0.159375 0.150235
20 0.964063 0.408451 0.068750 0.248826
